0.00571	0.0265879	0.000398819
0.00622	0.0246726	0.000370089
0.00674	0.0216888	0.000325332
0.00725	0.0185066	0.000277599
0.00777	0.0162419	0.000243629
0.00828	0.0143749	0.000215624
0.00879	0.0119425	0.000179138
0.00931	0.0129431	0.000194147
0.00982	0.0171281	0.000256922
0.0103	0.0270816	0.000406224
0.0108	0.0428572	0.000642858
0.0114	0.0675143	0.001012715
0.0119	0.103189	0.001547835
0.0124	0.14246	0.0021369
0.0129	0.175375	0.002630625
0.0134	0.206757	0.003101355
0.0139	0.231405	0.003471075
0.0144	0.241334	0.00362001
0.015	0.244347	0.003665205
0.0155	0.238604	0.00357906
0.016	0.227319	0.003409785
0.0165	0.21101	0.00316515
0.017	0.190454	0.00285681
0.0175	0.166377	0.002495655
0.018	0.14318	0.0021477
0.0186	0.125794	0.00188691
0.0191	0.117615	0.001764225
0.0196	0.114494	0.00171741
0.0201	0.119855	0.001797825
0.0206	0.133478	0.00200217
0.0211	0.148102	0.00222153
0.0216	0.165446	0.00248169
0.0222	0.179195	0.002687925
0.0227	0.193901	0.002908515
0.0232	0.197768	0.00296652
0.0237	0.199634	0.00299451
0.0242	0.195701	0.002935515
0.0247	0.188342	0.00282513
0.0252	0.171913	0.002578695
0.0247	0.184987	0.002774805
0.0252	0.172751	0.002591265
0.0257	0.154892	0.00232338
0.0263	0.13705	0.00205575
0.0268	0.122559	0.001838385
0.0273	0.10768	0.0016152
0.0278	0.0974871	0.001462307
0.0283	0.0922557	0.001383836
0.0288	0.0903406	0.001355109
0.0293	0.0915638	0.001373457
0.0299	0.0940829	0.001411244
0.0304	0.0972677	0.001459016
0.0309	0.0995247	0.001492871
0.0314	0.099859	0.001497885
0.0319	0.0998731	0.001498097
0.0324	0.0956841	0.001435262
0.0329	0.0909707	0.001364561
0.0335	0.0824523	0.001236785
0.034	0.0728844	0.001093266
0.0345	0.0620767	0.000931151
0.035	0.0553876	0.000830814
0.0355	0.0475148	0.000712722
0.036	0.0410222	0.000615333
0.0365	0.0362861	0.000544292
0.0371	0.0334526	0.000501789
0.0376	0.0323259	0.000484889
0.0381	0.0327177	0.000490766
0.0386	0.0336974	0.000505461
0.0391	0.0353637	0.000530456
0.0396	0.0358462	0.000537693
0.0401	0.036232	0.00054348
0.0406	0.0357941	0.000536912
0.0412	0.0346542	0.000519813
0.0417	0.0330583	0.000495875
0.0422	0.0303961	0.000455942
0.0427	0.0267162	0.000400743
0.0432	0.0241067	0.000361601
0.0437	0.0206151	0.000309227
0.0442	0.0180388	0.000270582
0.0448	0.0152025	0.000228038
0.0453	0.0138598	0.000207897
0.0458	0.0125874	0.000188811
0.0463	0.0125192	0.000187788
0.0468	0.0124823	0.000187235
0.0473	0.0132252	0.000198378
0.0478	0.0136512	0.000204768
0.0484	0.0145385	0.000218078
0.0489	0.0150628	0.000225942
0.0494	0.0156336	0.000234504
0.0499	0.0152117	0.000228176
0.0504	0.0147652	0.000221478
0.0499	0.0152255	0.000228383
0.0504	0.0147652	0.000221478
0.0509	0.0138529	0.000207794
0.0514	0.012522	0.00018783
0.0519	0.01101	0.00016515
0.0525	0.00969549	0.000145432
0.053	0.00828391	0.000124259
0.0535	0.00719692	0.000107954
0.054	0.00626615	9.39923E-05
0.0545	0.00572252	8.58378E-05
0.055	0.00553909	8.30864E-05
0.0556	0.00565553	8.4833E-05
0.0561	0.00593827	8.90741E-05
0.0566	0.00644464	9.66696E-05
0.0571	0.00688966	0.000103345
0.0581	0.00735903	0.000110385
0.0591	0.00737838	0.000110676
0.0602	0.00640899	9.61349E-05
0.0612	0.00510826	7.66239E-05
0.0622	0.00378562	5.67843E-05
0.0633	0.00301675	4.52513E-05
0.0643	0.0028686	0.000043029
0.0653	0.00326098	4.89147E-05
0.0663	0.00374651	5.61977E-05
0.0674	0.00396273	5.9441E-05
0.0684	0.00381272	5.71908E-05
0.0694	0.00321417	4.82126E-05
0.0705	0.00249914	3.74871E-05
0.0715	0.00187357	2.81036E-05
0.0725	0.00161936	2.42904E-05
0.0735	0.00165192	2.47788E-05
0.0746	0.00194726	2.92089E-05
0.0756	0.00217308	3.25962E-05
0.0746	0.00187127	2.80691E-05
0.0756	0.00217308	3.25962E-05
0.0766	0.00222746	3.34119E-05
0.0776	0.00203571	3.05357E-05
0.0787	0.00168648	2.52972E-05
0.0797	0.00122342	1.83513E-05
0.0807	0.000933547	1.40032E-05
0.0818	0.000850554	1.27583E-05
0.0828	0.00096963	1.45445E-05
0.0838	0.00112478	1.68717E-05
0.0848	0.00127814	1.91721E-05
0.0859	0.00129763	1.94645E-05
0.0869	0.00113516	1.70274E-05
0.0879	0.000890353	1.33553E-05
0.0889	0.000650365	9.75548E-06
0.09	0.000516462	7.74693E-06
0.091	0.000511989	7.67984E-06
0.092	0.000611806	9.17709E-06
0.0931	0.000727726	1.09159E-05
0.0941	0.000801681	1.20252E-05
0.0951	0.000750173	1.12526E-05
0.0961	0.00063861	9.57915E-06
0.0972	0.000483252	7.24878E-06
0.0982	0.000349359	5.24039E-06
0.0992	0.000307305	4.60958E-06
0.0982	0.000352059	5.28089E-06
0.0992	0.000307305	4.60958E-06
0.1	0.000327828	4.91742E-06
0.101	0.000410075	6.15113E-06
0.102	0.000485559	7.28339E-06
0.103	0.000498715	7.48073E-06
0.104	0.000459261	6.88892E-06
0.105	0.000362801	5.44202E-06
0.106	0.000265038	3.97557E-06
0.107	0.000199582	2.99373E-06
0.108	0.000189631	2.84447E-06
0.11	0.000229136	3.43704E-06
0.111	0.00027907	4.18605E-06
0.112	0.000313544	4.70316E-06
0.113	0.000310743	4.66115E-06
0.114	0.000265105	3.97658E-06
0.115	0.000198644	2.97966E-06
0.116	0.000141	0.000002115
0.117	0.000113098	1.69647E-06
0.118	1.19E-04	1.78998E-06
0.119	0.000148912	2.23368E-06
0.12	0.000184973	2.7746E-06
0.121	0.000201707	3.02561E-06
0.122	0.000189683	2.84525E-06
0.123	0.000155653	2.3348E-06
0.122	0.000179412	2.69118E-06
0.123	0.000144478	2.16717E-06
0.124	0.000101836	1.52754E-06
0.125	7.15E-05	1.07203E-06
0.126	6.18E-05	9.27453E-07
0.127	7.36E-05	1.10474E-06
0.128	9.67E-05	1.45124E-06
0.129	1.15E-04	1.72224E-06
0.13	1.17E-04	1.76202E-06
0.131	1.05E-04	1.56774E-06
0.132	7.96E-05	1.19388E-06
0.133	5.41E-05	8.1222E-07
0.134	3.75E-05	5.62833E-07
0.135	3.71E-05	5.57114E-07
0.136	4.91E-05	7.36215E-07
0.137	6.49E-05	9.72939E-07
0.138	7.40E-05	1.11048E-06
0.139	7.34E-05	1.10063E-06
0.14	6.03E-05	9.04131E-07
0.141	4.28E-05	6.42074E-07
0.142	2.69E-05	4.03064E-07
0.143	1.99E-05	2.98982E-07
0.144	2.31E-05	3.46478E-07
0.145	3.26E-05	4.8885E-07
0.144	2.25E-05	3.372E-07
0.145	3.16E-05	4.74525E-07
0.146	4.17E-05	6.24807E-07
0.148	4.66E-05	6.99071E-07
0.149	4.42E-05	6.63678E-07
0.15	3.42E-05	5.12879E-07
0.151	2.25E-05	3.36894E-07
0.152	1.26E-05	1.89212E-07
0.153	1.04E-05	1.55595E-07
0.154	1.49E-05	2.23847E-07
0.155	2.22E-05	3.32295E-07
0.156	2.78E-05	4.16762E-07
0.157	2.93E-05	4.39835E-07
0.158	2.67E-05	4.00787E-07
0.159	1.79E-05	2.67797E-07
0.16	9.98E-06	1.49679E-07
0.161	5.66E-06	8.49006E-08
0.162	5.85E-06	8.76909E-08
0.163	9.75E-06	1.46226E-07
0.164	1.51E-05	2.26893E-07
0.165	1.79E-05	2.68067E-07
0.166	1.84E-05	2.76176E-07
0.165	1.79E-05	2.68059E-07
0.166	1.81E-05	2.70995E-07
0.167	1.41E-05	2.10894E-07
0.168	8.49E-06	1.27412E-07
0.169	3.73E-06	5.58945E-08
0.17	1.81E-06	2.7113E-08
0.171	3.34E-06	5.01552E-08
0.172	6.64E-06	9.96441E-08
0.173	1.01E-05	1.51325E-07
0.174	1.15E-05	1.72874E-07
0.175	1.10E-05	1.6454E-07
0.176	7.45E-06	1.11715E-07
0.177	3.85E-06	5.77428E-08
0.178	1.17E-06	1.75005E-08
0.179	9.15E-07	1.37219E-08
0.18	2.32E-06	3.4821E-08
0.181	4.86E-06	7.28747E-08
0.182	6.77E-06	1.01499E-07
0.183	7.38E-06	1.10657E-07
0.185	6.05E-06	9.07526E-08
0.186	3.83E-06	5.7494E-08
0.187	1.67E-06	2.50271E-08
0.186	3.85E-06	5.77557E-08
0.187	1.72E-06	2.58315E-08
0.188	5.23E-07	7.84935E-09
0.189	9.54E-07	1.43161E-08
0.19	2.08E-06	3.12369E-08
0.191	3.60E-06	5.40735E-08
0.192	4.51E-06	6.76799E-08
0.193	4.49E-06	6.73394E-08
0.194	3.42E-06	5.13291E-08
0.195	2.18E-06	3.26549E-08
0.196	1.17E-06	1.75439E-08
0.197	9.41E-07	1.41202E-08
0.198	1.23E-06	1.84302E-08
0.199	1.86E-06	2.78534E-08
0.2	2.47E-06	3.71078E-08
0.201	2.86E-06	4.2929E-08
0.202	2.86E-06	4.28648E-08
0.203	2.39E-06	3.59051E-08
0.204	1.92E-06	2.88345E-08
0.205	1.46E-06	2.19503E-08
0.206	1.38E-06	2.07716E-08
0.207	1.36E-06	2.03862E-08
0.208	1.39E-06	2.08616E-08
0.209	1.69E-06	2.53178E-08
0.21	1.81E-06	2.71484E-08
0.211	1.71E-06	2.57112E-08
0.212	2.08E-06	3.11388E-08
0.213	2.30E-06	3.45096E-08
0.214	2.12E-06	3.18261E-08
0.215	1.95E-06	2.9228E-08
0.216	1.37E-06	2.05067E-08
0.217	1.15E-06	1.72098E-08
0.218	1.19E-06	1.77783E-08
0.219	1.36E-06	2.04456E-08
0.22	1.81E-06	2.71725E-08
0.222	2.48E-06	3.72153E-08
0.223	2.70E-06	4.05347E-08
0.224	2.59E-06	3.8781E-08
0.225	2.04E-06	3.0564E-08
0.226	1.18E-06	1.77429E-08
0.227	8.85E-07	1.33E-08
0.228	8.02E-07	1.2031E-08
0.229	1.21E-06	1.82054E-08
0.23	2.03E-06	3.04227E-08
0.231	3.11E-06	4.66385E-08
0.232	3.38E-06	5.06643E-08
0.233	2.67E-06	3.99968E-08
0.234	1.74E-06	2.60532E-08
0.235	8.72E-07	1.3078E-08
0.236	1.28E-06	1.91802E-08
0.237	1.05E-06	1.57742E-08
0.238	1.70E-06	2.55168E-08
0.239	2.87E-06	4.30334E-08
0.24	3.44E-06	5.1599E-08
0.241	3.44E-06	5.15571E-08
0.242	2.57E-06	3.85868E-08
0.243	1.39E-06	2.08566E-08
0.244	5.79E-07	8.68599E-09
0.245	9.02E-07	1.35276E-08
0.246	6.92E-07	1.0385E-08
0.247	2.25E-06	3.36761E-08
0.248	3.32E-06	4.97907E-08
0.249	3.63E-06	5.4512E-08
0.25	3.13E-06	4.70046E-08
